906888481
7249222008
928306808
289910243
800346626
828683952
5041439529
5279231889
475129560
1160566155
1181975149
1071819188
865830330
505440553
578246391
438347237
317969648
916339802
1034510617
1460015707
539136929
657628571
102212853
888449193
285154244
798619441
1226716083
5072354342
605353544
527232063
555125220
6183843616
1850761064
564902814
881296209
5036302741
964811068
64633225
694856735
416516345
804108105
1628729940
884437334
126156267
1672123400
374333868
664205452
534409226
828952479
456766452
287153231
137644325
5124651802
745561214
301271868
853321735
1400908985
424007219
1431602878
6730117624
460863108
1389314311
260171560
406122997
233238272
194069541
6549619443
1309390187
704697707
341480503
352972008
887695732
201804392
362186234
5301663183
273551222
5980094023
489599602
1568209198
1211957843
590091503
6112024565
467673444
857567681
999082897
6105576549
1382814542
1484332864
1853853947
1700015906
45731093
529955365
702960156
1078882477
64293992
546743949
435857663
1959709086
942637186
906778789
360767417
2075128128
1915649310
622730534
794481040
859211191
710840253
791689003
842280574
864031789
483494082
700288016
867856502
776125803
1357177837
362835043
107992695
718796919
889838503
250748762
542240413
392186095
1032806472
358188884
723375685
252638169
182708657
809351399
6682402186
5187136668
739758676
430960332
429876008
653159765
415354966
299173460
350968750
382096735
2088484100
1001390941
132758966
5458531617
361718961
5189343955
422804394
750579360
561261161
5904194081
351879379
356467891
114822513
479779382
498193702
10158414
407070865
832970954
1592834179
873399566
119741902
1066240272
2098527970
1043300461
828370149
806333858
749749515
349945927
541069024
5903116544
467192028
1538109475
1048845310
1205039251
188775179
757896181
264039815
153734290
337432243
400223837
1246463466
294813136
5297636258
309376026
791201247
5374995467
654940082
1043077878
703815735
58215590
598376330
186787555
973205203
783371539
1398086363
449498046
468783262
948773354
462346757
713584561
343835998
6226714271
1097426717
374947632
1041270266
878322208
740898939
126745070
405703060
940250988
5167490635
446604692
1115224314
560929270
1028210741
854910479
697545106
691002289
491841792
92279623
5314599147
841097991
1068231534
416239147
236153442
1022124259
919517174
342644043
490119195
6794812204
326359991
433351907
257017535
722010559
786273967
541750237
966785443
734211543
1427126125
5165992874
1537400086
162707002
2050339914
702142564
5057902317
1052675536
822977168
5037567093
890826474
807973106
1657086535
126626516
393655254
735612443
714778554
800741484
394811280
6979193057
909527292
1045306462
539365048
1224838935
135284285
199513624
489354191
5733496893
205203005
5851535725
388581011
445984010
437710867
140788029
790471100
519319083
571469360
496270642
483559086
192604995
361810054
654343573
623167127
305588606
474365927
293919566
1959061032
1027087100
1077492232
712786067
683315336
1508040802
6609407464
1175903733
5105721978
495262476
216954841
497150459
1175075940
449378064
620324310
1706208849
394419829
6455003806
1222750135
759168919
1443692453
1994900251
851072079
517445780
910607538
430617056
284700042
883927086
294983394
430200261
5055016335
591777863
435361831
1131456768
350827585
156926115
1014242025
166768066
676385963
792522701
58829330
908875042
732863976
411640200
1956543373
130923469
766361905
6473604301
893559691
201706615
259019550
536644913
332747531
217716216
1488682554
1390645395
419998972
419953042
517322861
834650989
1263165274
771427140
398968847
1227578268
1306044379
2111245735
729060085
790980875
379825811
444434938
881089766
2139313315
341151371
5516072717
452103148
654182642
1204903954
70838819
352033319
1326049108
503458863
640197218
521372363
174233014
968603824
467767321
1034652252
553735565
360414453
804733325
1010747739
285110320
5633425457
1131024155
6808059357
982633632
482534451
367797914
608307725
286557648
7886393854
207628608
1098059623
1374551516
1090822904
1079610168
894140592
1299749365
474251617
521135251
1124622595
2019570621
386398662
174322153
477485766
5102301091
334027736
864491103
6007230263
6689080932
1613226681
5871759326
5488427732
469971119
5379730092
6563485165
510151505
705048727
497229780
6788125742
1812782587
644856484
200770090
5236005245
585038570
442730345
1692527328
7671822853
5004687241
1024112316
808712342
778058449
502666817
366347394
750270857
2030911921
5245532720
991724618
887897436
1478329675
630846284
1158158414
5304757280
100343727
368832223
284342123
1237556931
127347403
5181962651
569972032
595105131
525423027
1564068963
5297251541
733903050
340424408
1638385645
570254043
1252875934
1054192490
899770495
209364767
266823691
1999217033
581285111
920472782
861487828
5341678119
938445009
1227815204
1088956481
5053081422
812726654
575844467
1807732324
344477622
153738786
1202327884
1358084579
312154536
315002341
1155164691
115533398
815215321
583756937
852370907
5512711988
2109718413
5135262644
1752834793
591364353
1395849949
534612632
1672795641
343562602
1023358181
6776203217
1059563512
1284656650
470790979
1246894296
116869067
1607568022
243079018
934898020
375633551
890081233
